51,35
3,2
3,1
3,3
10,209
10,240
10,118
10,146
10,304
10,181
10,213
10,128
10,2
10,3
11,4
11,8
11,9
11,29
11,16
11,18
9,7
9,2
9,3
8,7
8,10
8,9
8,17
8,13
8,2
8,3
0,318
36,7
36,6
36,5
36,4
36,3
36,2
36,1
35,5
35,4
35,3
35,2
35,1
34,65
34,64
34,36
34,35
34,34
34,33
34,32
34,31
34,30
34,29
34,28
34,27
34,26
34,25
34,24
34,23
34,22
34,21
34,20
34,19
34,18
34,17
34,16
34,15
34,14
34,13
34,12
34,11
34,10
34,9
34,8
34,7
34,6
34,5
34,4
34,3
34,2
34,1
34,0
32,5
32,4
32,3
32,1
31,4
31,3
31,1
30,4
30,3
30,1
29,5
29,4
29,3
29,1
28,4
28,3
28,1
27,4
27,3
27,1
26,5
26,4
26,3
26,1
25,4
25,3
25,1
20,3
20,2
20,1
19,3
19,2
19,1
14,5
12,3
18,1
